 Вектор оценок параметров полной модели
-4.66E+0001 4.21E+0000 9.18E-0001-3.01E+0000 9.84E-0001
-6.53E-0004 1.04E-0001-5.21E-0002 8.50E-0002 1.51E-0002
 3.22E-0002
 Сумма квадратов отклонений для полной модели= 1.73E+0000

 Список регрессоров:
 1):     1
 2):     X1
 3):     X2
 4):     X3
 5):     X4
 6):     X1*X2
 7):     X1*X3
 8):     X1*X4
 9):     X2*X3
10):     X2*X4
11):     X3*X4

 Список регрессоров лучших моделей
---------------------------------------------------------------------
 m  1  -я мод. 2  -я мод. 3  -я мод. 4  -я мод. 5  -я мод.
---------------------------------------------------------------------
 1):      0             1             1             1             1       
---------------------------------------------------------------------
 2):      0             0             0             0             0       
---------------------------------------------------------------------
 3):      3             3             3             0             0       
---------------------------------------------------------------------
 4):      4             4             4             4             4       
---------------------------------------------------------------------
 5):      5             5             0             0             5       
---------------------------------------------------------------------
 6):      6             6             6             6             6       
---------------------------------------------------------------------
 7):      7             7             7             7             7       
---------------------------------------------------------------------
 8):      0             0             0             0             0       
---------------------------------------------------------------------
 9):      9             9             9             9             9       
---------------------------------------------------------------------
10):     10            10            10            10            10       
---------------------------------------------------------------------
11):     11            11            11            11            11       

 Значения  1внешнего критерия:
     1.9832     1.8169     1.5845     1.9307     0.9102
 Лучшая по  1 критерию  5 модель.

 Значения  2 внешнего критерия:
     2.9650     4.3660     0.1623     1.1077     0.5196
 Лучшая по   2 критерию  3 модель.

 Остаточные суммы квадратов для лучших моделей:
     2.3744     2.0795     3.0486     4.6588     2.2589

 Критерий Маллоуса для  лучших моделей:
     5.7434     7.4027     6.5225     6.3830     5.6100

 Оценки параметров лучших моделей:
 1       0.0000      14.0746      38.8134      40.6959      23.6678
 2       0.0000       0.0000       0.0000       0.0000       0.0000
 3       0.1944       0.0917      -0.1052       0.0000       0.0000
 4      -5.4417      -5.4608      -5.7844      -4.4246      -5.7633
 5       0.4225       0.2753       0.0000       0.0000       0.1659
 6       0.0623       0.0591       0.0537       0.0491       0.0575
 7       0.0769       0.0707       0.0623       0.0575       0.0680
 8       0.0000       0.0000       0.0000       0.0000       0.0000
 9       0.1226       0.1192       0.1176       0.0934       0.1217
10       0.0165       0.0158       0.0151       0.0137       0.0157
11       0.0600       0.0595       0.0628       0.0462       0.0629

 Сравнение прогноза и отклика для модели  5

 N       Y          Y^        Y-Y^     (Y-Y^)/Y 
  1       83.80      83.13      -0.67      -0.80
  2       95.90      95.72      -0.18      -0.18
  3       72.50      72.78       0.28       0.39
  4       74.30      74.24      -0.06      -0.08
  5      115.90     116.00       0.10       0.09
  6       78.50      78.50       0.00       0.01
  7       87.60      87.67       0.07       0.08
  8       93.10      94.08       0.98       1.05
  9      109.20     108.66      -0.54      -0.50
 10      104.30     104.45       0.15       0.14
 11      102.70     102.36      -0.34      -0.33
 12      113.30     113.77       0.47       0.41
 13      109.40     109.13      -0.27      -0.24

 Сравнение прогноза и отклика для модели  3

 N       Y          Y^        Y-Y^     (Y-Y^)/Y 
  1       83.80      82.93      -0.87      -1.03
  2       95.90      95.79      -0.11      -0.12
  3       72.50      72.86       0.36       0.50
  4       74.30      74.34       0.04       0.06
  5      115.90     116.00       0.10       0.09
  6       78.50      78.22      -0.28      -0.35
  7       87.60      87.80       0.20       0.23
  8       93.10      94.14       1.04       1.12
  9      109.20     108.50      -0.70      -0.64
 10      104.30     104.81       0.51       0.49
 11      102.70     102.40      -0.30      -0.29
 12      113.30     113.52       0.22       0.20
 13      109.40     109.17      -0.23      -0.21
